4.998  13.025   1
5.948  13.523   1 
12.928  18.000    1
10.278  17.089    1
9.845  18.000    1
6.754  16.278    1
13.545  18.000    1
15.973  18.000    1
16.579  18.000    1
12.733  18.000    1
3.524  13.978    1
2.744  12.653    1
8.021  14.281    1
9.740  18.000    1
0.168  14.285    1
16.811  18.012    1
15.002  17.822    1
16.240  18.100    1
17.180  17.901    1
4.497  14.297     1
5.36   11.94    0
10.29   12.78 0    
6.78   12.25 0    
14.62   15.72 0    
8.24   11.38   0  
5.70    7.30 0    
2.74    9.33  0   
11.22   14.24  0   
12.33   14.80  0   
2.18   10.56  0   
14.73   13.29  0   
16.43   16.47 0    
5.91    7.59  0   
3.32    9.97  0   
1.15    6.64  0   
2.77   11.72  0   
12.94   10.20  0   
16.31   13.72   0  
6.73   11.48   0  
15.58   13.85   0